0.341743119266055 0.181192660550459 0.0630733944954128 0.088302752293578 0.00917431192660551 0.31651376146789 0.0963302752293578 0.0470183486238532 0.0527522935779817 0.0802752293577982 0.0217889908256881 0.0435779816513761 0.073394495412844 0.0584862385321101 0.033256880733945 0.0160550458715596 0.0630733944954128 0.088302752293578 0.00917431192660551 0.069954128440367 0.055045871559633 0.0596330275229358 0.0229357798165138 0.036697247706422 0.0584862385321101 0.0137614678899083
0.328571428571429 0.148051948051948 0.0454545454545455 0.0493506493506494 0.0233766233766234 0.405194805194805 0.0727272727272727 0.0311688311688312 0.0844155844155844 0.0818181818181818 0.0311688311688312 0.0272727272727273 0.0454545454545455 0.0649350649350649 0.025974025974026 0.0116883116883117 0.0454545454545455 0.0493506493506494 0.0233766233766234 0.0480519480519481 0.0649350649350649 0.119480519480519 0.0402597402597403 0.0467532467532468 0.0532467532467532 0.0324675324675325
0.30952380952381 0.214285714285714 0.0476190476190476 0.0555555555555556 0 0.373015873015873 0.0476190476190476 0.0476190476190476 0.0714285714285714 0.103174603174603 0.0238095238095238 0.0158730158730159 0.111111111111111 0.0634920634920635 0.0396825396825397 0 0.0476190476190476 0.0555555555555556 0 0.0634920634920635 0.0238095238095238 0.0555555555555556 0.0238095238095238 0.0238095238095238 0.158730158730159 0.0238095238095238
0.422496570644719 0.179698216735254 0.0507544581618656 0.0589849108367627 0.0164609053497942 0.271604938271605 0.112482853223594 0.0727023319615912 0.0809327846364883 0.0672153635116598 0.0288065843621399 0.0603566529492455 0.0754458161865569 0.0480109739368999 0.0397805212620027 0.0164609053497942 0.0507544581618656 0.0589849108367627 0.0164609053497942 0.0288065843621399 0.0329218106995885 0.0452674897119342 0.046639231824417 0.0397805212620027 0.056241426611797 0.0219478737997256
0.411428571428571 0.12 0.0571428571428571 0.0714285714285714 0.00857142857142857 0.331428571428571 0.0942857142857143 0.0742857142857143 0.105714285714286 0.0971428571428571 0.0314285714285714 0.00857142857142857 0.0514285714285714 0.0485714285714286 0.0114285714285714 0.00857142857142857 0.0571428571428571 0.0714285714285714 0.00857142857142857 0.0542857142857143 0.0457142857142857 0.06 0.0514285714285714 0.0257142857142857 0.0628571428571429 0.0314285714285714
0.447570332480818 0.18925831202046 0.0485933503836317 0.0716112531969309 0.030690537084399 0.21227621483376 0.112531969309463 0.0537084398976982 0.10997442455243 0.0843989769820972 0.0434782608695652 0.0434782608695652 0.0869565217391304 0.0485933503836317 0.0383631713554987 0.0153452685421995 0.0485933503836317 0.0716112531969309 0.030690537084399 0.051150895140665 0.0281329923273657 0.0332480818414322 0.0434782608695652 0.0255754475703325 0.0255754475703325 0.0051150895140665
0.43360433604336 0.219512195121951 0.037940379403794 0.0542005420054201 0.02710027100271 0.227642276422764 0.100271002710027 0.0948509485094851 0.0921409214092141 0.0542005420054201 0.035230352303523 0.0569105691056911 0.0867208672086721 0.0731707317073171 0.037940379403794 0.021680216802168 0.037940379403794 0.0542005420054201 0.02710027100271 0.037940379403794 0.037940379403794 0.021680216802168 0.0487804878048781 0.021680216802168 0.0514905149051491 0.00813008130081301
0.323394495412844 0.185779816513761 0.0791284403669725 0.0871559633027523 0.0229357798165138 0.301605504587156 0.0825688073394495 0.0435779816513761 0.0619266055045872 0.0779816513761468 0.0160550458715596 0.0412844036697248 0.0986238532110092 0.0401376146788991 0.0321100917431193 0.0149082568807339 0.0791284403669725 0.0871559633027523 0.0229357798165138 0.0745412844036697 0.0447247706422018 0.0527522935779817 0.0206422018348624 0.0355504587155963 0.0561926605504587 0.0172018348623853
0.374757281553398 0.170873786407767 0.0679611650485437 0.0563106796116505 0.0135922330097087 0.316504854368932 0.116504854368932 0.0504854368932039 0.0640776699029126 0.0601941747572816 0.0194174757281553 0.0640776699029126 0.0776699029126214 0.0563106796116505 0.0194174757281553 0.0174757281553398 0.0679611650485437 0.0563106796116505 0.0135922330097087 0.0640776699029126 0.0446601941747573 0.0504854368932039 0.0349514563106796 0.0466019417475728 0.0504854368932039 0.0252427184466019
0.384615384615385 0.139676113360324 0.0546558704453441 0.0728744939271255 0.00607287449392713 0.342105263157895 0.0991902834008097 0.0465587044534413 0.0688259109311741 0.0404858299595142 0.0404858299595142 0.0890688259109312 0.062753036437247 0.0526315789473684 0.0202429149797571 0.00404858299595142 0.0546558704453441 0.0728744939271255 0.00607287449392713 0.0668016194331984 0.0465587044534413 0.062753036437247 0.0384615384615385 0.048582995951417 0.0607287449392713 0.0182186234817814
0.316528925619835 0.162809917355372 0.0619834710743802 0.0702479338842975 0.0495867768595041 0.338842975206612 0.0917355371900826 0.0570247933884298 0.0578512396694215 0.059504132231405 0.0206611570247934 0.0297520661157025 0.0694214876033058 0.0528925619834711 0.0297520661157025 0.0107438016528926 0.0619834710743802 0.0702479338842975 0.0495867768595041 0.0495867768595041 0.0504132231404959 0.0636363636363636 0.0545454545454545 0.040495867768595 0.0545454545454545 0.0256198347107438
0.347682119205298 0.16887417218543 0.0662251655629139 0.0612582781456954 0.021523178807947 0.334437086092715 0.0943708609271523 0.0562913907284768 0.0579470198675497 0.0513245033112583 0.0248344370860927 0.0629139072847682 0.0579470198675497 0.0562913907284768 0.0447019867549669 0.00993377483443709 0.0662251655629139 0.0612582781456954 0.021523178807947 0.0447019867549669 0.043046357615894 0.0596026490066225 0.0480132450331126 0.0513245033112583 0.0562913907284768 0.0314569536423841
